R-pre = 0.641960
P-pre = 0.784554
A-pre = 54.575049
F-pre = 70.613012
R-post = 0.641960
P-post = 0.784554
A-post = 54.575049
F-post = 70.613012
