R-pre = 0.565725
P-pre = 0.741135
A-pre = 47.238358
F-pre = 64.165831
R-post = 0.565725
P-post = 0.741135
A-post = 47.238358
F-post = 64.165831
