R-pre = 0.579855
P-pre = 0.779794
A-pre = 49.826636
F-pre = 66.512387
R-post = 0.579855
P-post = 0.779794
A-post = 49.826636
F-post = 66.512387
