R-pre = 0.575793
P-pre = 0.762288
A-pre = 48.814441
F-pre = 65.604441
R-post = 0.575793
P-post = 0.762288
A-post = 48.814441
F-post = 65.604441
