R-pre = 0.589340
P-pre = 0.763707
A-pre = 49.845056
F-pre = 66.528796
R-post = 0.589340
P-post = 0.763707
A-post = 49.845056
F-post = 66.528796
