R-pre = 0.633597
P-pre = 0.766075
A-pre = 53.088548
F-pre = 69.356655
R-post = 0.633597
P-post = 0.766075
A-post = 53.088548
F-post = 69.356655
