R-pre = 0.538576
P-pre = 0.772829
A-pre = 46.496603
F-pre = 63.478063
R-post = 0.538576
P-post = 0.772829
A-post = 46.496603
F-post = 63.478063
