R-pre = 0.577355
P-pre = 0.763136
A-pre = 48.961560
F-pre = 65.737174
R-post = 0.577355
P-post = 0.763136
A-post = 48.961560
F-post = 65.737174
